a: -0.000000320433234
b: 0.000000211698011
c: -0.000003056042236
d: 0.000252606306760
e: 0.003319957187447
f: -0.999994457017058
